.1A
John Smith  ;5 2 5 5 5 3 3 5 ;5 5 3 5 ;3 3 4 4 3 ;4 4 4 4 4 ;4 4 3 4 ;4
Jane Johnson ;1 1 1 1 ;2 2 2 2 ;3 3 3 3 3 ;4 4 4 4 4 ;1 2 3 4 ;0
Michael Williams ;1 1 1 1 ;2 2 2 2 ;3 3 3 3 3 ;4 4 4 4 ;1 2 3 4 ;0
Emily Brown ;1 1 1 1 ;2 2 2 2 ;3 3 3 3 3 ;4 4 4 4 4 ;1 2 3 4 ;0
.2A
Christopher Robinson ;1 1 1 1 ;2 2 2 2 ;3 3 3 3 3 ;4 4 4 4 4 ;1 2 3 4 ;0
Ava Clark ;1 1 1 1 ;2 2 2 2 ;3 3 3 3 3 ;4 4 4 4 4 ;1 2 3 4 ;0
Matthew Rodriguez ;1 1 1 1 ;2 2 2 2 ;3 3 3 3 3 ;4 4 4 4 4 ;1 2 3 4 ;0
Abigail Lewis ;1 1 1 1 ;2 2 2 2 ;3 3 3 3 3 ;4 4 4 4 4 ;1 2 3 4 ;0
.3A
Joseph Adams ;1 1 1 1 ;2 2 2 2 ;3 3 3 3 3 ;4 4 4 4 4 ;1 2 3 4 ;0
Harper Hill ;1 1 1 1 ;2 2 2 2 ;3 3 3 3 3 ;4 4 4 4 4 ;1 2 3 4 ;0
